0.5861 0.4918
0.0788 0.4746
0.1729 0.8517
0.0359 0.8503
0.2165 0.5111
0.2005 0.5113
0.8380 0.7464
0.4849 0.0183
0.8958 0.6907
0.0705 0.1008
0.4883 0.9493
0.4355 0.0852
0.4631 0.2001
0.4364 0.2123
0.8452 0.2305
0.5079 0.2839
0.9023 0.9889
0.3224 0.5828
0.8389 0.4980
0.9367 0.2826
0.5139 0.4279
0.4151 0.0169
0.7517 0.8900
0.6608 0.0747
0.6935 0.5530
0.1164 0.8973
0.6509 0.5289
0.6453 0.4814
0.2843 0.9966
0.2081 0.6843
0.8465 0.1667
0.4823 0.7305
0.2039 0.7138
0.7848 0.8381
0.3630 0.0562
0.1689 0.4284
0.0652 0.0365
0.3532 0.9047
0.4430 0.3825
0.8453 0.2562
0.8069 0.4211
0.7740 0.4759
0.9187 0.5028
0.1911 0.8888
0.9306 0.4951
0.0232 0.3506
0.8762 0.0598
0.1235 0.9642
0.7981 0.6542
0.5916 0.5091
0.4189 0.7565
0.4200 0.4057
0.5882 0.5114
0.7054 0.4413
0.4903 0.2107
0.8936 0.0453
0.9326 0.9603
0.4531 0.9632
0.6557 0.8449
0.7942 0.2815
0.9551 0.4755
0.3323 0.9038
0.4627 0.2067
0.1754 0.4643
0.4245 0.5479
0.6944 0.9452
0.5008 0.4668
0.0718 0.7983
0.9965 0.8249
0.0555 0.4609
0.5625 0.0938
0.4654 0.8237
0.0700 0.6119
0.2681 0.4115
0.3719 0.8684
0.1832 0.9493
0.6104 0.8791
0.1045 0.2295
0.1920 0.4650
0.0660 0.0910
0.4034 0.8140
0.8870 0.1542
0.2477 0.8035
0.9757 0.1974
0.5952 0.2609
0.4210 0.6600
0.3072 0.2542
0.4655 0.3331
0.0466 0.0967
0.6347 0.4649
0.9564 0.5641
0.2300 0.0344
0.9839 0.7082
0.0109 0.1006
0.0665 0.0647
0.7720 0.8529
0.6627 0.2543
0.1071 0.1815
0.7091 0.3225
0.0751 0.3567
0.2811 0.3245
0.2048 0.3165
0.3046 0.8953
0.4559 0.3735
0.1721 0.9385
0.4019 0.0762
0.1010 0.2702
0.1840 0.9299
0.3875 0.5701
0.2685 0.5477
0.1794 0.3773
0.9044 0.1621
0.1441 0.0237
0.5235 0.7903
0.0529 0.2938
0.3754 0.4601
0.2467 0.5454
0.0560 0.9361
0.5888 0.8865
0.5414 0.2410
0.5213 0.5069
0.0184 0.7748
0.4162 0.1754
0.5035 0.0423
0.5009 0.3650
0.6440 0.4052
0.2069 0.1417
0.5183 0.0781
0.0883 0.3703
0.9081 0.9417
0.2135 0.5564
0.7622 0.0042
0.6880 0.6761
0.1421 0.3231
0.2347 0.1553
0.2274 0.4028
0.3459 0.0796
0.2357 0.9850
0.7377 0.1524
0.7850 0.4173
0.7687 0.6193
0.1179 0.5327
0.2157 0.6472
0.1443 0.0403
0.6983 0.6456
0.7932 0.5765
0.9822 0.9572
0.1669 0.7920
0.0157 0.7847
0.3300 0.5782
0.5117 0.2863
0.7506 0.9111
0.1158 0.4245
0.8448 0.8955
0.1250 0.4253
0.2901 0.7284
0.5518 0.9629
0.7088 0.2133
0.2876 0.3735
0.5430 0.5878
0.6824 0.0828
0.9138 0.1972
0.0388 0.8702
0.5796 0.5415
0.0716 0.7420
0.7782 0.5208
0.1034 0.8272
0.3819 0.0553
0.6881 0.4013
0.9487 0.3792
0.0509 0.5671
0.5700 0.1296
0.5321 0.2514
0.9579 0.2265
0.4597 0.5879
0.6822 0.5684
0.1761 0.8464
0.4353 0.7510
0.4242 0.2987
0.4103 0.6072
0.8474 0.6031
0.4388 0.0388
0.8948 0.8018
0.2029 0.7517
0.1061 0.0821
0.2705 0.4645
0.2829 0.3310
0.6877 0.4703
0.8719 0.8320
0.5732 0.0975
0.4820 0.3994
0.4364 0.3354
0.5423 0.8499
0.4661 0.3134
0.9552 0.0595
0.6972 0.3143
0.2087 0.3840
0.9695 0.8620
0.8239 0.9305
0.8540 0.1728
0.5270 0.8922
0.9958 0.8564
0.9556 0.8122
0.5378 0.3744
0.6264 0.4554
0.7349 0.0222
0.8908 0.7698
0.5094 0.4329
0.5509 0.8439
0.3556 0.0732
0.0798 0.5486
0.6629 0.4069
0.1217 0.7321
0.5560 0.2634
0.3023 0.0568
0.7558 0.1136
0.7780 0.2702
0.6506 0.0093
0.3346 0.4428
0.7642 0.6824
0.9106 0.3308
0.5595 0.9680
0.8985 0.9818
0.0793 0.2692
0.4375 0.2734
0.2772 0.1171
0.6748 0.5893
0.1184 0.1091
0.8852 0.9918
0.1441 0.1849
0.6995 0.2824
0.3031 0.5971
0.0416 0.3475
0.5149 0.2500
0.7718 0.3186
0.7751 0.7565
0.3202 0.8260
0.2252 0.4501
0.5999 0.0642
0.6662 0.2786
0.3400 0.4043
0.5964 0.5166
0.2839 0.8627
0.2147 0.2993
0.8649 0.1642
0.5831 0.2891
0.3960 0.3075
0.5310 0.2174
0.1701 0.1475
0.0704 0.4520
0.3526 0.3571
0.3559 0.1495
0.1057 0.3124
0.2573 0.4840
0.9951 0.6744
0.7225 0.0715
0.6154 0.2205
0.5244 0.2140
0.2978 0.4190
0.0413 0.2985
0.2332 0.2615
0.1776 0.4372
0.9012 0.4795
0.7547 0.7217
0.1288 0.8041
0.9843 0.7597
0.7333 0.7886
0.3795 0.1364
0.6015 0.6537
0.4731 0.2134
0.3286 0.9372
0.4461 0.0726
0.5347 0.5891
0.5562 0.2108
0.5759 0.7726
0.5738 0.7705
0.2117 0.5559
0.1512 0.0925
0.5381 0.0485
0.6807 0.3299
0.0675 0.3001
0.1278 0.8644
0.6714 0.4787
0.1148 0.6097
0.4078 0.8401
0.0877 0.7145
0.2448 0.7416
0.3156 0.1479
0.8570 0.1963
0.1948 0.5558
0.0087 0.0776
0.4678 0.2369
0.3179 0.2234
0.5191 0.1497
0.1951 0.1290
0.4918 0.2934
0.5221 0.2247
0.1298 0.3307
0.7461 0.5829
0.6321 0.8378
0.8272 0.2661
0.4795 0.4750
0.2600 0.9937
0.8495 0.7190
0.7819 0.7522
0.4594 0.6342
0.5219 0.8860
0.2016 0.7046
0.1168 0.8812
0.8717 0.6895
0.6432 0.8697
0.4042 0.1911
0.2442 0.0511
0.9659 0.4730
0.7711 0.0337
0.8068 0.5869
0.0549 0.1535
0.1162 0.0500
0.0507 0.3275
0.0862 0.8667
0.7823 0.9654
0.6800 0.2579
0.0225 0.9886
0.0653 0.9062
0.9744 0.5210
0.5676 0.1599
0.9202 0.3300
0.1971 0.4644
0.1598 0.4327
0.0821 0.2841
0.3978 0.3589
0.4205 0.1058
0.6226 0.6186
0.1406 0.3929
0.0583 0.7716
0.2884 0.9225
0.8140 0.7871
0.0760 0.0560
0.7852 0.8366
0.4985 0.6547
0.3174 0.3351
0.8373 0.4828
0.2814 0.5627
0.2152 0.6906
0.9571 0.0201
0.5546 0.9135
0.4111 0.3325
0.8596 0.4745
0.5967 0.8839
0.1166 0.3629
0.9106 0.8744
0.3690 0.0480
0.4063 0.4244
0.6209 0.6666
0.7813 0.0460
0.2758 0.8106
0.8947 0.9388
0.2972 0.5860
0.2159 0.4053
0.3439 0.0938
0.8029 0.2964
0.7836 0.1967
0.2158 0.9577
0.9118 0.8152
0.0304 0.1349
0.4360 0.9071
0.1589 0.7850
0.5400 0.3032
0.1298 0.6237
0.6914 0.2290
0.4482 0.4843
0.0388 0.3629
0.5445 0.4863
0.3730 0.8615
0.0305 0.4768
0.4573 0.7948
0.6884 0.9329
0.2234 0.7359
0.0143 0.2818
0.1601 0.8680
0.1691 0.5204
0.8842 0.4194
0.8325 0.7922
0.6847 0.7028
0.9444 0.7235
0.0023 0.6767
0.4005 0.4385
0.6772 0.1229
0.9644 0.1810
0.1339 0.0497
0.4991 0.8826
0.8382 0.2992
0.9033 0.1639
0.6462 0.0306
0.1765 0.5427
0.4749 0.4281
0.9105 0.7985
0.8675 0.7749
0.3085 0.8193
0.9512 0.7606
